# id	file_path	transparent_color_r	g	b
[TEXTURES]
0	textures\Mario48.png	167	231	255
20	textures\misc.png	176	224	248


#change litte bit: id	left	top	witdth	 height	tex_id
[SPRITES]
#MARIO (idle - walk - skid - jump  - run - die - hold idle - hold run - kick)
# SMALL MARIO
# idle
10000	756	24	48	48	24	25	0
# walk
10001	807	24	48	48	24	25	0
# skid
10002	855	24	48	48	24	25	0
# jump
10003	912	24	48	48	24	26	0
# run max speed
10004	969	24	48	48	24	25	0
10005	1023	24	48	48	24	25	0
# jump max speed
10006	1080	24	48	48	24	25	0
# warp
10007	1191	24	48	48	24	25	0
# die 
10008	1248	24	48	48	24	25	0
#hold idle
10009	1305	24	42	48	24	25	0
#hold run
10010	1356	24	45	48	24	25	0
#kick
10011	1410	24	48	48	24	25	0


# BIG MARIO 
# idle
10100	591	144	42	81	21	40	0
# walk
10101	642	144	48	81	24	40	0
10102	699	144	48	81	21	40	0
#skid	
10103	756	141	48	84	21	43	0
# jump
10104	813	144	48	81	24	40	0
# run max speed
10105	870	144	57	81	30	40	0
10106	936	144	57	81	30	40	0
10107	1005	144	57	81	30	40	0
# jump max speed	
10108	1071	144	57	81	30	40	0
#crouch
10109	1137	171	42	54	21	14	0
#warp
10110	1245	144	48	81	24	40	0
#hold idle
10111	1302	144	42	81	21	40	0
#hold run
10112	1353	144	45	81	24	40	0
10113	1407	144	48	81	27	40	0
#kick
10114	1464	144	63	81	21	40	0

# FIRE MARIO
#idle
10200	618	327	42	81	21	40	0
#walk
10201	669	327	48	81	24	40	0
10202	726	327	48	81	21	40	0
#skid
10203	783	324	48	84	21	43	0
#attack
10204	840	327	42	81	21	40	0
10205	891	327	42	81	21	40	0
#jump	
10206	942	327	48	81	24	40	0
#run max speed
10207	999	327	57	81	30	40	0
10208	1065	327	57	81	30	40	0
10209	1134	327	57	81	30	40	0
#jump max speed
10210	1200	327	57	78	30	40	0
#crouch
10211	1266	354	42	54	21	14	0
#warp
10212	1374	327	48	81	24	40	0
#hold idle	
10213	1431	327	42	81	21	40	0
#hold run
10214	1482	327	45	81	24	40	0
10215	1536	327	48	81	27	40	0
#kick	
10216	1593	327	63	81	21	40	0

# RACCOON MARIO
#idle
10300	240	426	63	84	42	43	0
#walk	
10301	312	426	66	84	42	43	0
10302	387	426	69	84	42	43	0
#skid
10303	465	420	48	90	21	49	0
#attack - first sprite is warp
10304	234	321	69	84	48	43	0
10305	522	426	48	84	24	43	0
10306	579	426	69	84	21	43	0
10307	657	426	48	84	24	43	0
#jump
10308	771	429	69	81	42	43	0
#slow fall
10309	849	429	69	81	42	43	0
10310	927	429	69	81	42	43	0
10311	1005	426	66	84	39	43	0
#run max speed
10312	1080	426	72	84	45	43	0
10313	1161	426	72	84	45	43	0
10314	1242	426	72	84	45	43	0
#fly (first sprite is fall , thrird sprite is jump (max speed))
10315	1323	429	72	81	45	40	0
10316	1404	429	72	81	45	40	0
10317	1485	426	72	84	45	40	0
#crouch
10318	1566	456	66	54	33	14	0
#hold idle
10319	1698	426	63	84	42	43	0
#hold run
10320	1770	426	66	84	42	43	0
10321	1845	429	69	81	42	40	0
#kick
10322	1923	426	66	84	21	43	0


# ani_id	sprite1_id	time1	sprite2_id	time2	...
[ANIMATIONS]

# ==== MARIO =========
#SMALL (idle - walk - skid - jump - run - jump max- crouch -warp - idlehold - runhold -kick - special)
100	10000	100
101	10001	100	10000	100
102	10002	100
103	10003	100
104	10004	100	10005	100
105	10006	100
106	10007	100
107	10008	100
108	10009	100
109	10010	100	10009	100
110	10011	100


#BIG
200	10100	100
201	10101	80	10102	80	10100	80
202	10103	100
203	10104	100
204	10105	50	10106	50	10107	50
205	10108	100
206	10109	100
207	10110	100
208	10111	100
209	10112	100	10113	100
210	10114	100
211	10102	100

#FIRE
300	10200	100
301	10201	80	10202	80	10200	80
302	10203	100
303	10206	100
304	10207	50	10208	50	10209	50
305	10210	100
306	10211	100
307	10212	100
308	10213	100
309	10214	100	10215	100	10213	100
310	10216	100
311	10204	100	10205	100
312	10202	100

#RACCOON
400	10300	100
401	10301	100	10302	100 	10300	100
402	10303	100
403	10308	100
404	10312	100	10313	50 	10314	50
405	10317	100
406	10318	100
407	10304	100
408	10319	100
409	10320	100	10321	100	10319	100
410	10322	100
411	10304	100	10305	100	10306	100	10307	100
412	10309	100
413	10315	100
414	10309	100	10310	100	10311	100
415	10315	100	10316	100	10317	100
